MRV:
    FC: 0.026935599000000005
        0.031528422
        0.02777873900000001
        0.026210758
        0.02553735800000001

    GAC:0.39997986900000004
        0.40210787800000003
        0.4146619600000001
        0.4194149300000001
        0.40223084900000006
Random:
    FC: 0.14961161500000003
        0.021729947
        0.01758795399999999
        0.02659309600000001
        0.016408289999999992

    GAC:0.20798771200000005
        0.31917247
        0.214515127
        0.243549075
        0.42193098600000006

DH:
    FC: 0.026323347999999996
        0.014509223999999987
        0.026970558000000006
        0.019723868000000006
        0.017065623000000002

    GAC:0.25022165500000004
        0.22038324900000003
        0.28000223500000004
        0.23498503799999998
        0.259626857